t = 0:0.1:5 ;
% CZŁON PROPORCJONALNY
0.1250 0.1250 0.1250 0.1250 0.1250 0.1250 0.1250 0.1250 0.1250 0.1250 0.1250 0.1250 0.1250 0.1250 0.1250 0.1250 0.1250 0.1250 0.1250 0.1250 0.1250 0.1250 0.1250 0.1250 0.1250 0.1250 0.1250 0.1250 0.1250 0.1250 0.1250 0.1250 0.1250 0.1250 0.1250 0.1250 0.1250 0.1250 0.1250 0.1250 0.1250 0.1250 0.1250 0.1250 0.1250 0.1250 0.1250 0.1250 0.1250 0.1250 0.1250 ;
0.2500 0.2500 0.2500 0.2500 0.2500 0.2500 0.2500 0.2500 0.2500 0.2500 0.2500 0.2500 0.2500 0.2500 0.2500 0.2500 0.2500 0.2500 0.2500 0.2500 0.2500 0.2500 0.2500 0.2500 0.2500 0.2500 0.2500 0.2500 0.2500 0.2500 0.2500 0.2500 0.2500 0.2500 0.2500 0.2500 0.2500 0.2500 0.2500 0.2500 0.2500 0.2500 0.2500 0.2500 0.2500 0.2500 0.2500 0.2500 0.2500 0.2500 0.2500 ;
0.3750 0.3750 0.3750 0.3750 0.3750 0.3750 0.3750 0.3750 0.3750 0.3750 0.3750 0.3750 0.3750 0.3750 0.3750 0.3750 0.3750 0.3750 0.3750 0.3750 0.3750 0.3750 0.3750 0.3750 0.3750 0.3750 0.3750 0.3750 0.3750 0.3750 0.3750 0.3750 0.3750 0.3750 0.3750 0.3750 0.3750 0.3750 0.3750 0.3750 0.3750 0.3750 0.3750 0.3750 0.3750 0.3750 0.3750 0.3750 0.3750 0.3750 0.3750 ;
0.5000 0.5000 0.5000 0.5000 0.5000 0.5000 0.5000 0.5000 0.5000 0.5000 0.5000 0.5000 0.5000 0.5000 0.5000 0.5000 0.5000 0.5000 0.5000 0.5000 0.5000 0.5000 0.5000 0.5000 0.5000 0.5000 0.5000 0.5000 0.5000 0.5000 0.5000 0.5000 0.5000 0.5000 0.5000 0.5000 0.5000 0.5000 0.5000 0.5000 0.5000 0.5000 0.5000 0.5000 0.5000 0.5000 0.5000 0.5000 0.5000 0.5000 0.5000 ;
0.6250 0.6250 0.6250 0.6250 0.6250 0.6250 0.6250 0.6250 0.6250 0.6250 0.6250 0.6250 0.6250 0.6250 0.6250 0.6250 0.6250 0.6250 0.6250 0.6250 0.6250 0.6250 0.6250 0.6250 0.6250 0.6250 0.6250 0.6250 0.6250 0.6250 0.6250 0.6250 0.6250 0.6250 0.6250 0.6250 0.6250 0.6250 0.6250 0.6250 0.6250 0.6250 0.6250 0.6250 0.6250 0.6250 0.6250 0.6250 0.6250 0.6250 0.6250 ;
0.7500 0.7500 0.7500 0.7500 0.7500 0.7500 0.7500 0.7500 0.7500 0.7500 0.7500 0.7500 0.7500 0.7500 0.7500 0.7500 0.7500 0.7500 0.7500 0.7500 0.7500 0.7500 0.7500 0.7500 0.7500 0.7500 0.7500 0.7500 0.7500 0.7500 0.7500 0.7500 0.7500 0.7500 0.7500 0.7500 0.7500 0.7500 0.7500 0.7500 0.7500 0.7500 0.7500 0.7500 0.7500 0.7500 0.7500 0.7500 0.7500 0.7500 0.7500 ;
0.8750 0.8750 0.8750 0.8750 0.8750 0.8750 0.8750 0.8750 0.8750 0.8750 0.8750 0.8750 0.8750 0.8750 0.8750 0.8750 0.8750 0.8750 0.8750 0.8750 0.8750 0.8750 0.8750 0.8750 0.8750 0.8750 0.8750 0.8750 0.8750 0.8750 0.8750 0.8750 0.8750 0.8750 0.8750 0.8750 0.8750 0.8750 0.8750 0.8750 0.8750 0.8750 0.8750 0.8750 0.8750 0.8750 0.8750 0.8750 0.8750 0.8750 0.8750 ;
1.0000 1.0000 1.0000 1.0000 1.0000 1.0000 1.0000 1.0000 1.0000 1.0000 1.0000 1.0000 1.0000 1.0000 1.0000 1.0000 1.0000 1.0000 1.0000 1.0000 1.0000 1.0000 1.0000 1.0000 1.0000 1.0000 1.0000 1.0000 1.0000 1.0000 1.0000 1.0000 1.0000 1.0000 1.0000 1.0000 1.0000 1.0000 1.0000 1.0000 1.0000 1.0000 1.0000 1.0000 1.0000 1.0000 1.0000 1.0000 1.0000 1.0000 1.0000 ;
1.1250 1.1250 1.1250 1.1250 1.1250 1.1250 1.1250 1.1250 1.1250 1.1250 1.1250 1.1250 1.1250 1.1250 1.1250 1.1250 1.1250 1.1250 1.1250 1.1250 1.1250 1.1250 1.1250 1.1250 1.1250 1.1250 1.1250 1.1250 1.1250 1.1250 1.1250 1.1250 1.1250 1.1250 1.1250 1.1250 1.1250 1.1250 1.1250 1.1250 1.1250 1.1250 1.1250 1.1250 1.1250 1.1250 1.1250 1.1250 1.1250 1.1250 1.1250 ;
1.2500 1.2500 1.2500 1.2500 1.2500 1.2500 1.2500 1.2500 1.2500 1.2500 1.2500 1.2500 1.2500 1.2500 1.2500 1.2500 1.2500 1.2500 1.2500 1.2500 1.2500 1.2500 1.2500 1.2500 1.2500 1.2500 1.2500 1.2500 1.2500 1.2500 1.2500 1.2500 1.2500 1.2500 1.2500 1.2500 1.2500 1.2500 1.2500 1.2500 1.2500 1.2500 1.2500 1.2500 1.2500 1.2500 1.2500 1.2500 1.2500 1.2500 1.2500 ;
1.3750 1.3750 1.3750 1.3750 1.3750 1.3750 1.3750 1.3750 1.3750 1.3750 1.3750 1.3750 1.3750 1.3750 1.3750 1.3750 1.3750 1.3750 1.3750 1.3750 1.3750 1.3750 1.3750 1.3750 1.3750 1.3750 1.3750 1.3750 1.3750 1.3750 1.3750 1.3750 1.3750 1.3750 1.3750 1.3750 1.3750 1.3750 1.3750 1.3750 1.3750 1.3750 1.3750 1.3750 1.3750 1.3750 1.3750 1.3750 1.3750 1.3750 1.3750 ;
1.5000 1.5000 1.5000 1.5000 1.5000 1.5000 1.5000 1.5000 1.5000 1.5000 1.5000 1.5000 1.5000 1.5000 1.5000 1.5000 1.5000 1.5000 1.5000 1.5000 1.5000 1.5000 1.5000 1.5000 1.5000 1.5000 1.5000 1.5000 1.5000 1.5000 1.5000 1.5000 1.5000 1.5000 1.5000 1.5000 1.5000 1.5000 1.5000 1.5000 1.5000 1.5000 1.5000 1.5000 1.5000 1.5000 1.5000 1.5000 1.5000 1.5000 1.5000 ;
1.6250 1.6250 1.6250 1.6250 1.6250 1.6250 1.6250 1.6250 1.6250 1.6250 1.6250 1.6250 1.6250 1.6250 1.6250 1.6250 1.6250 1.6250 1.6250 1.6250 1.6250 1.6250 1.6250 1.6250 1.6250 1.6250 1.6250 1.6250 1.6250 1.6250 1.6250 1.6250 1.6250 1.6250 1.6250 1.6250 1.6250 1.6250 1.6250 1.6250 1.6250 1.6250 1.6250 1.6250 1.6250 1.6250 1.6250 1.6250 1.6250 1.6250 1.6250 ;
1.7500 1.7500 1.7500 1.7500 1.7500 1.7500 1.7500 1.7500 1.7500 1.7500 1.7500 1.7500 1.7500 1.7500 1.7500 1.7500 1.7500 1.7500 1.7500 1.7500 1.7500 1.7500 1.7500 1.7500 1.7500 1.7500 1.7500 1.7500 1.7500 1.7500 1.7500 1.7500 1.7500 1.7500 1.7500 1.7500 1.7500 1.7500 1.7500 1.7500 1.7500 1.7500 1.7500 1.7500 1.7500 1.7500 1.7500 1.7500 1.7500 1.7500 1.7500 ;
1.8750 1.8750 1.8750 1.8750 1.8750 1.8750 1.8750 1.8750 1.8750 1.8750 1.8750 1.8750 1.8750 1.8750 1.8750 1.8750 1.8750 1.8750 1.8750 1.8750 1.8750 1.8750 1.8750 1.8750 1.8750 1.8750 1.8750 1.8750 1.8750 1.8750 1.8750 1.8750 1.8750 1.8750 1.8750 1.8750 1.8750 1.8750 1.8750 1.8750 1.8750 1.8750 1.8750 1.8750 1.8750 1.8750 1.8750 1.8750 1.8750 1.8750 1.8750 ;
2.0000 2.0000 2.0000 2.0000 2.0000 2.0000 2.0000 2.0000 2.0000 2.0000 2.0000 2.0000 2.0000 2.0000 2.0000 2.0000 2.0000 2.0000 2.0000 2.0000 2.0000 2.0000 2.0000 2.0000 2.0000 2.0000 2.0000 2.0000 2.0000 2.0000 2.0000 2.0000 2.0000 2.0000 2.0000 2.0000 2.0000 2.0000 2.0000 2.0000 2.0000 2.0000 2.0000 2.0000 2.0000 2.0000 2.0000 2.0000 2.0000 2.0000 2.0000 ;
2.1250 2.1250 2.1250 2.1250 2.1250 2.1250 2.1250 2.1250 2.1250 2.1250 2.1250 2.1250 2.1250 2.1250 2.1250 2.1250 2.1250 2.1250 2.1250 2.1250 2.1250 2.1250 2.1250 2.1250 2.1250 2.1250 2.1250 2.1250 2.1250 2.1250 2.1250 2.1250 2.1250 2.1250 2.1250 2.1250 2.1250 2.1250 2.1250 2.1250 2.1250 2.1250 2.1250 2.1250 2.1250 2.1250 2.1250 2.1250 2.1250 2.1250 2.1250 ;
2.2500 2.2500 2.2500 2.2500 2.2500 2.2500 2.2500 2.2500 2.2500 2.2500 2.2500 2.2500 2.2500 2.2500 2.2500 2.2500 2.2500 2.2500 2.2500 2.2500 2.2500 2.2500 2.2500 2.2500 2.2500 2.2500 2.2500 2.2500 2.2500 2.2500 2.2500 2.2500 2.2500 2.2500 2.2500 2.2500 2.2500 2.2500 2.2500 2.2500 2.2500 2.2500 2.2500 2.2500 2.2500 2.2500 2.2500 2.2500 2.2500 2.2500 2.2500 ;
2.3750 2.3750 2.3750 2.3750 2.3750 2.3750 2.3750 2.3750 2.3750 2.3750 2.3750 2.3750 2.3750 2.3750 2.3750 2.3750 2.3750 2.3750 2.3750 2.3750 2.3750 2.3750 2.3750 2.3750 2.3750 2.3750 2.3750 2.3750 2.3750 2.3750 2.3750 2.3750 2.3750 2.3750 2.3750 2.3750 2.3750 2.3750 2.3750 2.3750 2.3750 2.3750 2.3750 2.3750 2.3750 2.3750 2.3750 2.3750 2.3750 2.3750 2.3750 ;
2.5000 2.5000 2.5000 2.5000 2.5000 2.5000 2.5000 2.5000 2.5000 2.5000 2.5000 2.5000 2.5000 2.5000 2.5000 2.5000 2.5000 2.5000 2.5000 2.5000 2.5000 2.5000 2.5000 2.5000 2.5000 2.5000 2.5000 2.5000 2.5000 2.5000 2.5000 2.5000 2.5000 2.5000 2.5000 2.5000 2.5000 2.5000 2.5000 2.5000 2.5000 2.5000 2.5000 2.5000 2.5000 2.5000 2.5000 2.5000 2.5000 2.5000 2.5000 ;
% CZŁON CAŁKUJĄCY
0.0000 0.0100 0.0200 0.0300 0.0400 0.0500 0.0600 0.0700 0.0800 0.0900 0.1000 0.1100 0.1200 0.1300 0.1400 0.1500 0.1600 0.1700 0.1800 0.1900 0.2000 0.2100 0.2200 0.2300 0.2400 0.2500 0.2600 0.2700 0.2800 0.2900 0.3000 0.3100 0.3200 0.3300 0.3400 0.3500 0.3600 0.3700 0.3800 0.3900 0.4000 0.4100 0.4200 0.4300 0.4400 0.4500 0.4600 0.4700 0.4800 0.4900 0.5000 ;
0.0000 0.0200 0.0400 0.0600 0.0800 0.1000 0.1200 0.1400 0.1600 0.1800 0.2000 0.2200 0.2400 0.2600 0.2800 0.3000 0.3200 0.3400 0.3600 0.3800 0.4000 0.4200 0.4400 0.4600 0.4800 0.5000 0.5200 0.5400 0.5600 0.5800 0.6000 0.6200 0.6400 0.6600 0.6800 0.7000 0.7200 0.7400 0.7600 0.7800 0.8000 0.8200 0.8400 0.8600 0.8800 0.9000 0.9200 0.9400 0.9600 0.9800 1.0000 ;
0.0000 0.0300 0.0600 0.0900 0.1200 0.1500 0.1800 0.2100 0.2400 0.2700 0.3000 0.3300 0.3600 0.3900 0.4200 0.4500 0.4800 0.5100 0.5400 0.5700 0.6000 0.6300 0.6600 0.6900 0.7200 0.7500 0.7800 0.8100 0.8400 0.8700 0.9000 0.9300 0.9600 0.9900 1.0200 1.0500 1.0800 1.1100 1.1400 1.1700 1.2000 1.2300 1.2600 1.2900 1.3200 1.3500 1.3800 1.4100 1.4400 1.4700 1.5000 ;
0.0000 0.0400 0.0800 0.1200 0.1600 0.2000 0.2400 0.2800 0.3200 0.3600 0.4000 0.4400 0.4800 0.5200 0.5600 0.6000 0.6400 0.6800 0.7200 0.7600 0.8000 0.8400 0.8800 0.9200 0.9600 1.0000 1.0400 1.0800 1.1200 1.1600 1.2000 1.2400 1.2800 1.3200 1.3600 1.4000 1.4400 1.4800 1.5200 1.5600 1.6000 1.6400 1.6800 1.7200 1.7600 1.8000 1.8400 1.8800 1.9200 1.9600 2.0000 ;
0.0000 0.0500 0.1000 0.1500 0.2000 0.2500 0.3000 0.3500 0.4000 0.4500 0.5000 0.5500 0.6000 0.6500 0.7000 0.7500 0.8000 0.8500 0.9000 0.9500 1.0000 1.0500 1.1000 1.1500 1.2000 1.2500 1.3000 1.3500 1.4000 1.4500 1.5000 1.5500 1.6000 1.6500 1.7000 1.7500 1.8000 1.8500 1.9000 1.9500 2.0000 2.0500 2.1000 2.1500 2.2000 2.2500 2.3000 2.3500 2.4000 2.4500 2.5000 ;
0.0000 0.0600 0.1200 0.1800 0.2400 0.3000 0.3600 0.4200 0.4800 0.5400 0.6000 0.6600 0.7200 0.7800 0.8400 0.9000 0.9600 1.0200 1.0800 1.1400 1.2000 1.2600 1.3200 1.3800 1.4400 1.5000 1.5600 1.6200 1.6800 1.7400 1.8000 1.8600 1.9200 1.9800 2.0400 2.1000 2.1600 2.2200 2.2800 2.3400 2.4000 2.4600 2.5200 2.5800 2.6400 2.7000 2.7600 2.8200 2.8800 2.9400 3.0000 ;
0.0000 0.0700 0.1400 0.2100 0.2800 0.3500 0.4200 0.4900 0.5600 0.6300 0.7000 0.7700 0.8400 0.9100 0.9800 1.0500 1.1200 1.1900 1.2600 1.3300 1.4000 1.4700 1.5400 1.6100 1.6800 1.7500 1.8200 1.8900 1.9600 2.0300 2.1000 2.1700 2.2400 2.3100 2.3800 2.4500 2.5200 2.5900 2.6600 2.7300 2.8000 2.8700 2.9400 3.0100 3.0800 3.1500 3.2200 3.2900 3.3600 3.4300 3.5000 ;
0.0000 0.0800 0.1600 0.2400 0.3200 0.4000 0.4800 0.5600 0.6400 0.7200 0.8000 0.8800 0.9600 1.0400 1.1200 1.2000 1.2800 1.3600 1.4400 1.5200 1.6000 1.6800 1.7600 1.8400 1.9200 2.0000 2.0800 2.1600 2.2400 2.3200 2.4000 2.4800 2.5600 2.6400 2.7200 2.8000 2.8800 2.9600 3.0400 3.1200 3.2000 3.2800 3.3600 3.4400 3.5200 3.6000 3.6800 3.7600 3.8400 3.9200 4.0000 ;
0.0000 0.0900 0.1800 0.2700 0.3600 0.4500 0.5400 0.6300 0.7200 0.8100 0.9000 0.9900 1.0800 1.1700 1.2600 1.3500 1.4400 1.5300 1.6200 1.7100 1.8000 1.8900 1.9800 2.0700 2.1600 2.2500 2.3400 2.4300 2.5200 2.6100 2.7000 2.7900 2.8800 2.9700 3.0600 3.1500 3.2400 3.3300 3.4200 3.5100 3.6000 3.6900 3.7800 3.8700 3.9600 4.0500 4.1400 4.2300 4.3200 4.4100 4.5000 ;
0.0000 0.1000 0.2000 0.3000 0.4000 0.5000 0.6000 0.7000 0.8000 0.9000 1.0000 1.1000 1.2000 1.3000 1.4000 1.5000 1.6000 1.7000 1.8000 1.9000 2.0000 2.1000 2.2000 2.3000 2.4000 2.5000 2.6000 2.7000 2.8000 2.9000 3.0000 3.1000 3.2000 3.3000 3.4000 3.5000 3.6000 3.7000 3.8000 3.9000 4.0000 4.1000 4.2000 4.3000 4.4000 4.5000 4.6000 4.7000 4.8000 4.9000 5.0000 ;
0.0000 0.1100 0.2200 0.3300 0.4400 0.5500 0.6600 0.7700 0.8800 0.9900 1.1000 1.2100 1.3200 1.4300 1.5400 1.6500 1.7600 1.8700 1.9800 2.0900 2.2000 2.3100 2.4200 2.5300 2.6400 2.7500 2.8600 2.9700 3.0800 3.1900 3.3000 3.4100 3.5200 3.6300 3.7400 3.8500 3.9600 4.0700 4.1800 4.2900 4.4000 4.5100 4.6200 4.7300 4.8400 4.9500 5.0600 5.1700 5.2800 5.3900 5.5000 ;
0.0000 0.1200 0.2400 0.3600 0.4800 0.6000 0.7200 0.8400 0.9600 1.0800 1.2000 1.3200 1.4400 1.5600 1.6800 1.8000 1.9200 2.0400 2.1600 2.2800 2.4000 2.5200 2.6400 2.7600 2.8800 3.0000 3.1200 3.2400 3.3600 3.4800 3.6000 3.7200 3.8400 3.9600 4.0800 4.2000 4.3200 4.4400 4.5600 4.6800 4.8000 4.9200 5.0400 5.1600 5.2800 5.4000 5.5200 5.6400 5.7600 5.8800 6.0000 ;
0.0000 0.1300 0.2600 0.3900 0.5200 0.6500 0.7800 0.9100 1.0400 1.1700 1.3000 1.4300 1.5600 1.6900 1.8200 1.9500 2.0800 2.2100 2.3400 2.4700 2.6000 2.7300 2.8600 2.9900 3.1200 3.2500 3.3800 3.5100 3.6400 3.7700 3.9000 4.0300 4.1600 4.2900 4.4200 4.5500 4.6800 4.8100 4.9400 5.0700 5.2000 5.3300 5.4600 5.5900 5.7200 5.8500 5.9800 6.1100 6.2400 6.3700 6.5000 ;
0.0000 0.1400 0.2800 0.4200 0.5600 0.7000 0.8400 0.9800 1.1200 1.2600 1.4000 1.5400 1.6800 1.8200 1.9600 2.1000 2.2400 2.3800 2.5200 2.6600 2.8000 2.9400 3.0800 3.2200 3.3600 3.5000 3.6400 3.7800 3.9200 4.0600 4.2000 4.3400 4.4800 4.6200 4.7600 4.9000 5.0400 5.1800 5.3200 5.4600 5.6000 5.7400 5.8800 6.0200 6.1600 6.3000 6.4400 6.5800 6.7200 6.8600 7.0000 ;
0.0000 0.1500 0.3000 0.4500 0.6000 0.7500 0.9000 1.0500 1.2000 1.3500 1.5000 1.6500 1.8000 1.9500 2.1000 2.2500 2.4000 2.5500 2.7000 2.8500 3.0000 3.1500 3.3000 3.4500 3.6000 3.7500 3.9000 4.0500 4.2000 4.3500 4.5000 4.6500 4.8000 4.9500 5.1000 5.2500 5.4000 5.5500 5.7000 5.8500 6.0000 6.1500 6.3000 6.4500 6.6000 6.7500 6.9000 7.0500 7.2000 7.3500 7.5000 ;
0.0000 0.1600 0.3200 0.4800 0.6400 0.8000 0.9600 1.1200 1.2800 1.4400 1.6000 1.7600 1.9200 2.0800 2.2400 2.4000 2.5600 2.7200 2.8800 3.0400 3.2000 3.3600 3.5200 3.6800 3.8400 4.0000 4.1600 4.3200 4.4800 4.6400 4.8000 4.9600 5.1200 5.2800 5.4400 5.6000 5.7600 5.9200 6.0800 6.2400 6.4000 6.5600 6.7200 6.8800 7.0400 7.2000 7.3600 7.5200 7.6800 7.8400 8.0000 ;
0.0000 0.1700 0.3400 0.5100 0.6800 0.8500 1.0200 1.1900 1.3600 1.5300 1.7000 1.8700 2.0400 2.2100 2.3800 2.5500 2.7200 2.8900 3.0600 3.2300 3.4000 3.5700 3.7400 3.9100 4.0800 4.2500 4.4200 4.5900 4.7600 4.9300 5.1000 5.2700 5.4400 5.6100 5.7800 5.9500 6.1200 6.2900 6.4600 6.6300 6.8000 6.9700 7.1400 7.3100 7.4800 7.6500 7.8200 7.9900 8.1600 8.3300 8.5000 ;
0.0000 0.1800 0.3600 0.5400 0.7200 0.9000 1.0800 1.2600 1.4400 1.6200 1.8000 1.9800 2.1600 2.3400 2.5200 2.7000 2.8800 3.0600 3.2400 3.4200 3.6000 3.7800 3.9600 4.1400 4.3200 4.5000 4.6800 4.8600 5.0400 5.2200 5.4000 5.5800 5.7600 5.9400 6.1200 6.3000 6.4800 6.6600 6.8400 7.0200 7.2000 7.3800 7.5600 7.7400 7.9200 8.1000 8.2800 8.4600 8.6400 8.8200 9.0000 ;
0.0000 0.1900 0.3800 0.5700 0.7600 0.9500 1.1400 1.3300 1.5200 1.7100 1.9000 2.0900 2.2800 2.4700 2.6600 2.8500 3.0400 3.2300 3.4200 3.6100 3.8000 3.9900 4.1800 4.3700 4.5600 4.7500 4.9400 5.1300 5.3200 5.5100 5.7000 5.8900 6.0800 6.2700 6.4600 6.6500 6.8400 7.0300 7.2200 7.4100 7.6000 7.7900 7.9800 8.1700 8.3600 8.5500 8.7400 8.9300 9.1200 9.3100 9.5000 ;
0.0000 0.2000 0.4000 0.6000 0.8000 1.0000 1.2000 1.4000 1.6000 1.8000 2.0000 2.2000 2.4000 2.6000 2.8000 3.0000 3.2000 3.4000 3.6000 3.8000 4.0000 4.2000 4.4000 4.6000 4.8000 5.0000 5.2000 5.4000 5.6000 5.8000 6.0000 6.2000 6.4000 6.6000 6.8000 7.0000 7.2000 7.4000 7.6000 7.8000 8.0000 8.2000 8.4000 8.6000 8.8000 9.0000 9.2000 9.4000 9.6000 9.8000 10.0000 ;
% CZŁON RÓŻNICZKUJĄCY
2.0000 1.6375 1.3406 1.0976 0.8987 0.7358 0.6024 0.4932 0.4038 0.3306 0.2707 0.2216 0.1814 0.1485 0.1216 0.0996 0.0815 0.0667 0.0546 0.0447 0.0366 0.0300 0.0246 0.0201 0.0165 0.0135 0.0110 0.0090 0.0074 0.0061 0.0050 0.0041 0.0033 0.0027 0.0022 0.0018 0.0015 0.0012 0.0010 0.0008 0.0007 0.0005 0.0004 0.0004 0.0003 0.0002 0.0002 0.0002 0.0001 0.0001 0.0001 ;
1.0000 0.9048 0.8187 0.7408 0.6703 0.6065 0.5488 0.4966 0.4493 0.4066 0.3679 0.3329 0.3012 0.2725 0.2466 0.2231 0.2019 0.1827 0.1653 0.1496 0.1353 0.1225 0.1108 0.1003 0.0907 0.0821 0.0743 0.0672 0.0608 0.0550 0.0498 0.0450 0.0408 0.0369 0.0334 0.0302 0.0273 0.0247 0.0224 0.0202 0.0183 0.0166 0.0150 0.0136 0.0123 0.0111 0.0101 0.0091 0.0082 0.0074 0.0067 ;
0.6667 0.6237 0.5834 0.5458 0.5106 0.4777 0.4469 0.4181 0.3911 0.3659 0.3423 0.3202 0.2996 0.2802 0.2622 0.2453 0.2294 0.2146 0.2008 0.1878 0.1757 0.1644 0.1538 0.1439 0.1346 0.1259 0.1178 0.1102 0.1031 0.0964 0.0902 0.0844 0.0790 0.0739 0.0691 0.0646 0.0605 0.0566 0.0529 0.0495 0.0463 0.0433 0.0405 0.0379 0.0355 0.0332 0.0311 0.0290 0.0272 0.0254 0.0238 ;
0.5000 0.4756 0.4524 0.4304 0.4094 0.3894 0.3704 0.3523 0.3352 0.3188 0.3033 0.2885 0.2744 0.2610 0.2483 0.2362 0.2247 0.2137 0.2033 0.1934 0.1839 0.1750 0.1664 0.1583 0.1506 0.1433 0.1363 0.1296 0.1233 0.1173 0.1116 0.1061 0.1009 0.0960 0.0913 0.0869 0.0826 0.0786 0.0748 0.0711 0.0677 0.0644 0.0612 0.0582 0.0554 0.0527 0.0501 0.0477 0.0454 0.0431 0.0410 ;
2.5000 2.0468 1.6758 1.3720 1.1233 0.9197 0.7530 0.6165 0.5047 0.4132 0.3383 0.2770 0.2268 0.1857 0.1520 0.1245 0.1019 0.0834 0.0683 0.0559 0.0458 0.0375 0.0307 0.0251 0.0206 0.0168 0.0138 0.0113 0.0092 0.0076 0.0062 0.0051 0.0042 0.0034 0.0028 0.0023 0.0019 0.0015 0.0013 0.0010 0.0008 0.0007 0.0006 0.0005 0.0004 0.0003 0.0003 0.0002 0.0002 0.0001 0.0001 ;
1.2500 1.1310 1.0234 0.9260 0.8379 0.7582 0.6860 0.6207 0.5617 0.5082 0.4598 0.4161 0.3765 0.3407 0.3082 0.2789 0.2524 0.2284 0.2066 0.1870 0.1692 0.1531 0.1385 0.1253 0.1134 0.1026 0.0928 0.0840 0.0760 0.0688 0.0622 0.0563 0.0510 0.0461 0.0417 0.0377 0.0342 0.0309 0.0280 0.0253 0.0229 0.0207 0.0187 0.0170 0.0153 0.0139 0.0126 0.0114 0.0103 0.0093 0.0084 ;
0.8333 0.7796 0.7293 0.6823 0.6383 0.5971 0.5586 0.5226 0.4889 0.4573 0.4278 0.4003 0.3744 0.3503 0.3277 0.3066 0.2868 0.2683 0.2510 0.2348 0.2197 0.2055 0.1922 0.1798 0.1682 0.1574 0.1472 0.1377 0.1289 0.1206 0.1128 0.1055 0.0987 0.0923 0.0864 0.0808 0.0756 0.0707 0.0662 0.0619 0.0579 0.0542 0.0507 0.0474 0.0443 0.0415 0.0388 0.0363 0.0340 0.0318 0.0297 ;
0.6250 0.5945 0.5655 0.5379 0.5117 0.4868 0.4630 0.4404 0.4190 0.3985 0.3791 0.3606 0.3430 0.3263 0.3104 0.2952 0.2808 0.2671 0.2541 0.2417 0.2299 0.2187 0.2080 0.1979 0.1882 0.1791 0.1703 0.1620 0.1541 0.1466 0.1395 0.1327 0.1262 0.1200 0.1142 0.1086 0.1033 0.0983 0.0935 0.0889 0.0846 0.0805 0.0765 0.0728 0.0693 0.0659 0.0627 0.0596 0.0567 0.0539 0.0513 ;
3.0000 2.4562 2.0110 1.6464 1.3480 1.1036 0.9036 0.7398 0.6057 0.4959 0.4060 0.3324 0.2722 0.2228 0.1824 0.1494 0.1223 0.1001 0.0820 0.0671 0.0549 0.0450 0.0368 0.0302 0.0247 0.0202 0.0165 0.0135 0.0111 0.0091 0.0074 0.0061 0.0050 0.0041 0.0033 0.0027 0.0022 0.0018 0.0015 0.0012 0.0010 0.0008 0.0007 0.0006 0.0005 0.0004 0.0003 0.0002 0.0002 0.0002 0.0001 ;
1.5000 1.3573 1.2281 1.1112 1.0055 0.9098 0.8232 0.7449 0.6740 0.6099 0.5518 0.4993 0.4518 0.4088 0.3699 0.3347 0.3028 0.2740 0.2479 0.2244 0.2030 0.1837 0.1662 0.1504 0.1361 0.1231 0.1114 0.1008 0.0912 0.0825 0.0747 0.0676 0.0611 0.0553 0.0501 0.0453 0.0410 0.0371 0.0336 0.0304 0.0275 0.0249 0.0225 0.0204 0.0184 0.0167 0.0151 0.0136 0.0123 0.0112 0.0101 ;
1.0000 0.9355 0.8752 0.8187 0.7659 0.7165 0.6703 0.6271 0.5866 0.5488 0.5134 0.4803 0.4493 0.4204 0.3932 0.3679 0.3442 0.3220 0.3012 0.2818 0.2636 0.2466 0.2307 0.2158 0.2019 0.1889 0.1767 0.1653 0.1546 0.1447 0.1353 0.1266 0.1184 0.1108 0.1037 0.0970 0.0907 0.0849 0.0794 0.0743 0.0695 0.0650 0.0608 0.0569 0.0532 0.0498 0.0466 0.0436 0.0408 0.0381 0.0357 ;
0.7500 0.7134 0.6786 0.6455 0.6140 0.5841 0.5556 0.5285 0.5027 0.4782 0.4549 0.4327 0.4116 0.3915 0.3724 0.3543 0.3370 0.3206 0.3049 0.2901 0.2759 0.2625 0.2497 0.2375 0.2259 0.2149 0.2044 0.1944 0.1849 0.1759 0.1673 0.1592 0.1514 0.1440 0.1370 0.1303 0.1240 0.1179 0.1122 0.1067 0.1015 0.0966 0.0918 0.0874 0.0831 0.0790 0.0752 0.0715 0.0680 0.0647 0.0616 ;
3.5000 2.8656 2.3461 1.9208 1.5727 1.2876 1.0542 0.8631 0.7066 0.5785 0.4737 0.3878 0.3175 0.2600 0.2128 0.1743 0.1427 0.1168 0.0956 0.0783 0.0641 0.0525 0.0430 0.0352 0.0288 0.0236 0.0193 0.0158 0.0129 0.0106 0.0087 0.0071 0.0058 0.0048 0.0039 0.0032 0.0026 0.0021 0.0018 0.0014 0.0012 0.0010 0.0008 0.0006 0.0005 0.0004 0.0004 0.0003 0.0002 0.0002 0.0002 ;
1.7500 1.5835 1.4328 1.2964 1.1731 1.0614 0.9604 0.8690 0.7863 0.7115 0.6438 0.5825 0.5271 0.4769 0.4315 0.3905 0.3533 0.3197 0.2893 0.2617 0.2368 0.2143 0.1939 0.1755 0.1588 0.1436 0.1300 0.1176 0.1064 0.0963 0.0871 0.0788 0.0713 0.0645 0.0584 0.0528 0.0478 0.0433 0.0391 0.0354 0.0321 0.0290 0.0262 0.0237 0.0215 0.0194 0.0176 0.0159 0.0144 0.0130 0.0118 ;
1.1667 1.0914 1.0210 0.9552 0.8936 0.8360 0.7820 0.7316 0.6844 0.6403 0.5990 0.5604 0.5242 0.4904 0.4588 0.4292 0.4015 0.3756 0.3514 0.3287 0.3075 0.2877 0.2691 0.2518 0.2355 0.2204 0.2061 0.1928 0.1804 0.1688 0.1579 0.1477 0.1382 0.1293 0.1209 0.1131 0.1058 0.0990 0.0926 0.0867 0.0811 0.0758 0.0709 0.0664 0.0621 0.0581 0.0543 0.0508 0.0476 0.0445 0.0416 ;
0.8750 0.8323 0.7917 0.7531 0.7164 0.6815 0.6482 0.6166 0.5865 0.5579 0.5307 0.5048 0.4802 0.4568 0.4345 0.4133 0.3932 0.3740 0.3557 0.3384 0.3219 0.3062 0.2913 0.2771 0.2635 0.2507 0.2385 0.2268 0.2158 0.2052 0.1952 0.1857 0.1767 0.1680 0.1598 0.1521 0.1446 0.1376 0.1309 0.1245 0.1184 0.1126 0.1071 0.1019 0.0970 0.0922 0.0877 0.0834 0.0794 0.0755 0.0718 ;
4.0000 3.2749 2.6813 2.1952 1.7973 1.4715 1.2048 0.9864 0.8076 0.6612 0.5413 0.4432 0.3629 0.2971 0.2432 0.1991 0.1630 0.1335 0.1093 0.0895 0.0733 0.0600 0.0491 0.0402 0.0329 0.0270 0.0221 0.0181 0.0148 0.0121 0.0099 0.0081 0.0066 0.0054 0.0045 0.0036 0.0030 0.0024 0.0020 0.0016 0.0013 0.0011 0.0009 0.0007 0.0006 0.0005 0.0004 0.0003 0.0003 0.0002 0.0002 ;
2.0000 1.8097 1.6375 1.4816 1.3406 1.2131 1.0976 0.9932 0.8987 0.8131 0.7358 0.6657 0.6024 0.5451 0.4932 0.4463 0.4038 0.3654 0.3306 0.2991 0.2707 0.2449 0.2216 0.2005 0.1814 0.1642 0.1485 0.1344 0.1216 0.1100 0.0996 0.0901 0.0815 0.0738 0.0667 0.0604 0.0546 0.0494 0.0447 0.0405 0.0366 0.0331 0.0300 0.0271 0.0246 0.0222 0.0201 0.0182 0.0165 0.0149 0.0135 ;
1.3333 1.2473 1.1669 1.0916 1.0212 0.9554 0.8938 0.8361 0.7822 0.7317 0.6846 0.6404 0.5991 0.5605 0.5243 0.4905 0.4589 0.4293 0.4016 0.3757 0.3515 0.3288 0.3076 0.2878 0.2692 0.2518 0.2356 0.2204 0.2062 0.1929 0.1804 0.1688 0.1579 0.1477 0.1382 0.1293 0.1210 0.1132 0.1059 0.0990 0.0926 0.0867 0.0811 0.0759 0.0710 0.0664 0.0621 0.0581 0.0543 0.0508 0.0476 ;
1.0000 0.9512 0.9048 0.8607 0.8187 0.7788 0.7408 0.7047 0.6703 0.6376 0.6065 0.5769 0.5488 0.5220 0.4966 0.4724 0.4493 0.4274 0.4066 0.3867 0.3679 0.3499 0.3329 0.3166 0.3012 0.2865 0.2725 0.2592 0.2466 0.2346 0.2231 0.2122 0.2019 0.1920 0.1827 0.1738 0.1653 0.1572 0.1496 0.1423 0.1353 0.1287 0.1225 0.1165 0.1108 0.1054 0.1003 0.0954 0.0907 0.0863 0.0821 ;